h = 0.1
0.0 1.0 1.0 0.0
0.1 1.0 1.01005016708417 0.010050167084169948
0.2 1.02 1.04081077419239 0.02081077419238997
0.3 1.0608 1.09417428370521 0.033374283705210006
0.4 1.124448 1.17351087099181 0.04906287099181017
0.5 1.21440384 1.28402541668774 0.06962157668774016
0.6 1.335844224 1.43332941456034 0.09748519056034
0.7 1.4961455308799998 1.63231621995538 0.1361706890753802
0.8 1.7056059052031998 1.89648087930495 0.19087497410175014
0.9 1.9785028500357118 2.24790798667647 0.26940513664075816
1.0 2.33463336304214 2.71828182845905 0.3836484654169099

h = 0.05
0.0 1.0
0.05 1.0025031276058
0.1 1.01005016708417
0.15 1.02275503416445
0.2 1.04081077419239
0.25 1.06449445891786
0.3 1.09417428370521
0.35 1.13031912007401
0.4 1.17351087099181
0.45 1.22446008512191
0.5 1.28402541668774
0.55 1.35323767642117
0.6 1.43332941456034
0.65 1.52577121960346
0.7 1.63231621995538
0.75 1.7550546569603
0.8 1.89648087930495
0.85 2.05957571912771
0.9 2.24790798667647
0.95 2.46575981160379
1.0 2.71828182845905

h = 0.025
0.0 1.0
0.025 1.0006251953532
0.05 1.0025031276058
0.075 1.00564085001735
0.1 1.01005016708417
0.125 1.01574770858669
0.15 1.02275503416445
0.175 1.03109876933982
0.2 1.04081077419239
0.225 1.05192834618043
0.25 1.06449445891786
0.275 1.07855803904705
0.3 1.09417428370521
0.325 1.11140502146805
0.35 1.13031912007401
0.375 1.15099294469118
0.4 1.17351087099181
0.425 1.197965857854
0.45 1.22446008512191
0.475 1.25310566253473
0.5 1.28402541668774
0.525 1.31735376372789
0.55 1.35323767642117
0.575 1.39183775527414
0.6 1.43332941456034
0.625 1.47790419541174
0.65 1.52577121960346
0.675 1.5771587993089
0.7 1.63231621995538
0.725 1.69151571539587
0.75 1.7550546569603
0.775 1.82325798059749
0.8 1.89648087930495
0.825 1.97511179141642
0.85 2.05957571912771
0.875 2.1503379159523
0.9 2.24790798667647
0.925 2.35284444891126
0.95 2.46575981160379
0.975 2.58732623297957
1.0 2.71828182845905
